CB 7
C6 7
C6 7
C4 7
C2 7
BF 7
BD 7
BB 7
BB 7
B9 7
B6 7
B4 7
B4 7
B2 7
B0 7
AD 7
AB 7
A9 7
A9 7
A7 7
A4 7
A2 7
A0 7
9E 7
9E 7
9B 7
99 7
97 7
95 7
92 7
90 7
8E 7
8E 7
89 7
89 7
87 7
85 7
83 7
80 7
7E 7
7C 7
7A 7
77 7
75 7
73 7
71 7
6E 7
6C 7
6A 7
68 7
65 7
63 7
61 7
5F 7
5C 7
5A 7
58 7
56 7
53 7
51 7
4F 7
4D 7
4A 7
48 7
46 7
44 7
41 7
3F 7
3D 7
3B 7
38 7
36 7
34 7
32 7
2F 7
2D 7
2B 7
29 7
26 7
24 7
22 7
20 7
1D 7
19 7
17 7
14 7
12 7
10 7
0E 7
0B 7
09 7
07 7
05 7
02 7
01 7
FE 7
FC 7
F9 7
F7 7
F5 7
F2 7
F0 7
EE 7
EC 7
EA 7
E7 7
E5 7
E3 7
E3 7
E1 7
DE 7
DC 7
DA 7
D8 7
D5 7
D3 7
D3 7
D1 7
CF 7
CC 7
CA 7
C8 7
C5 7
C3 7
C3 7
C1 7
BF 7
BD 7
BD 7
BA 7
B8 7
B6 7
B4 7
B1 7
AF 7
AD 7
AA 7
A8 7
A8 7
A4 7
A2 7
9F 7
9D 7
9B 7
98 7
96 7
94 7
92 7
90 7
8D 7
8B 7
89 7
87 7
84 7
80 7
80 7
7B 7
79 7
77 7
75 7
70 7
6E 7
6B 7
69 7
65 7
62 7
60 7
5E 7
5A 7
57 7
55 7
53 7
50 7
4E 7
4C 7
4A 7
48 7
45 7
43 7
41 7
3E 7
3C 7
3A 7
38 7
35 7
35 7
33 7
31 7
2F 7
2D 7
2A 7
2A 7
26 7
26 7
23 7
21 7
21 7
1F 7
1D 7
1A 7
18 7
18 7
16 7
14 7
14 7
11 7
0F 7
0D 7
0B 7
08 7
06 7
04 7
02 7
02 7
02 7
00 7
00 7
00 7
00 7
00 7
00 7
00 7
00 7
00 7
00 7
00 7
00 7
00 7
00 7
00 7
00 7
00 7
00 7
00 7
00 7
00 7
00 7
00 7
00 7
00 7
00 7
00 7
00 7
00 7
00 7
00 7
00 7
00 7
00 7
00 7
00 7
00 7
00 7
00 7
00 7
00 7
00 7
00 7
00 7
00 7
00 7
00 7
00 7
00 7
00 7
00 7
00 7
00 7
00 7
00 7
00 7
00 7
00 7
00 7
00 7
00 7
00 7
00 7
00 7
00 7
00 7
00 7
00 7
00 7
00 7
00 7
00 7
00 7
00 7
00 7
00 7
00 7
00 7
00 7
00 7
00 7
00 7
00 7
00 7
00 7
00 7
00 7
00 7
00 7
00 7
00 7
00 7
00 7
00 7
00 7
00 7
00 7
00 7
00 7
00 7
00 7
00 7
00 7
00 7
00 7
00 7
00 7
00 7
00 7
00 7
00 7
00 7
00 7
00 7
00 7
00 7
00 7
00 7
00 7
00 7
00 7
00 7
00 7
00 7
00 7
00 7
00 7
00 7
00 7
00 7
00 7
00 7
00 7
00 7
00 7
00 7